v3.0 hex words addressed

0000: 00004900 02000200 00004900 00800200 04000000 00000000 00000000 00000000
0008: 00000000 00000000 00000000 00000000 00000000 00000000 00000000 00000000
0010: 00004900 02000200 00004900 00800200 04000000 00000000 00000000 00000000
0018: 00000000 00000000 00000000 00000000 00000000 00000000 00000000 00000000
0020: 00004900 02000200 00004900 00800200 04000000 00000000 00000000 00000000
0028: 00000000 00000000 00000000 00000000 00000000 00000000 00000000 00000000
0030: 00004900 02000200 00004900 00800200 04000000 00000000 00000000 00000000
0038: 00000000 00000000 00000000 00000000 00000000 00000000 00000000 00000000
0040: 00004900 02000200 00004900 00800200 04000000 00000000 00000000 00000000
0048: 00000000 00000000 00000000 00000000 00000000 00000000 00000000 00000000
0050: 00004900 02000200 00004900 00800200 04000000 00000000 00000000 00000000
0058: 00000000 00000000 00000000 00000000 00000000 00000000 00000000 00000000
0060: 00004900 02000200 00004900 00800200 04000000 00000000 00000000 00000000
0068: 00000000 00000000 00000000 00000000 00000000 00000000 00000000 00000000
0070: 00004900 02000200 00004900 00800200 04000000 00000000 00000000 00000000
0078: 00000000 00000000 00000000 00000000 00000000 00000000 00000000 00000000
0080: 00004900 02000200 00004900 00800200 04000000 00000000 00000000 00000000
0088: 00000000 00000000 00000000 00000000 00000000 00000000 00000000 00000000
0090: 00004900 02000200 00004900 00800200 04000000 00000000 00000000 00000000
0098: 00000000 00000000 00000000 00000000 00000000 00000000 00000000 00000000
00a0: 00004900 02000200 00004900 00800200 04000000 00000000 00000000 00000000
00a8: 00000000 00000000 00000000 00000000 00000000 00000000 00000000 00000000
00b0: 00004900 02000200 00004900 00800200 04000000 00000000 00000000 00000000
00b8: 00000000 00000000 00000000 00000000 00000000 00000000 00000000 00000000
00c0: 00004900 02000200 00004900 00800200 04000000 00000000 00000000 00000000
00c8: 00000000 00000000 00000000 00000000 00000000 00000000 00000000 00000000
00d0: 00004900 02000200 00004900 00800200 04000000 00000000 00000000 00000000
00d8: 00000000 00000000 00000000 00000000 00000000 00000000 00000000 00000000
00e0: 00004900 02000200 00004900 00800200 04000000 00000000 00000000 00000000
00e8: 00000000 00000000 00000000 00000000 00000000 00000000 00000000 00000000
00f0: 00004900 02000200 00004900 00800200 04000000 00000000 00000000 00000000
00f8: 00000000 00000000 00000000 00000000 00000000 00000000 00000000 00000000
0100: 00004900 02000200 00004900 00800200 00004900 00040200 04000000 00000000
0108: 00000000 00000000 00000000 00000000 00000000 00000000 00000000 00000000
0110: 00000000 00000000 00000000 00000000 00000000 00000000 00000000 00000000
0118: 00000000 00000000 00000000 00000000 00000000 00000000 00000000 00000000
0120: 00000000 00000000 00000000 00000000 00000000 00000000 00000000 00000000
0128: 00000000 00000000 00000000 00000000 00000000 00000000 00000000 00000000
0130: 00000000 00000000 00000000 00000000 00000000 00000000 00000000 00000000
0138: 00000000 00000000 00000000 00000000 00000000 00000000 00000000 00000000
0140: 00004900 02000200 00004900 00800200 00004900 00140200 00004900 00540200
0148: 04000000 00000000 00000000 00000000 00000000 00000000 00000000 00000000
0150: 00000000 00000000 00000000 00000000 00000000 00000000 00000000 00000000
0158: 00000000 00000000 00000000 00000000 00000000 00000000 00000000 00000000
0160: 00000000 00000000 00000000 00000000 00000000 00000000 00000000 00000000
0168: 00000000 00000000 00000000 00000000 00000000 00000000 00000000 00000000
0170: 00000000 00000000 00000000 00000000 00000000 00000000 00000000 00000000
0178: 00000000 00000000 00000000 00000000 00000000 00000000 00000000 00000000
0180: 00000000 00000000 00000000 00000000 00000000 00000000 00000000 00000000
0188: 00000000 00000000 00000000 00000000 00000000 00000000 00000000 00000000
0190: 00000000 00000000 00000000 00000000 00000000 00000000 00000000 00000000
0198: 00000000 00000000 00000000 00000000 00000000 00000000 00000000 00000000
01a0: 00000000 00000000 00000000 00000000 00000000 00000000 00000000 00000000
01a8: 00000000 00000000 00000000 00000000 00000000 00000000 00000000 00000000
01b0: 00000000 00000000 00000000 00000000 00000000 00000000 00000000 00000000
01b8: 00000000 00000000 00000000 00000000 00000000 00000000 00000000 00000000
01c0: 00000000 00000000 00000000 00000000 00000000 00000000 00000000 00000000
01c8: 00000000 00000000 00000000 00000000 00000000 00000000 00000000 00000000
01d0: 00000000 00000000 00000000 00000000 00000000 00000000 00000000 00000000
01d8: 00000000 00000000 00000000 00000000 00000000 00000000 00000000 00000000
01e0: 00000000 00000000 00000000 00000000 00000000 00000000 00000000 00000000
01e8: 00000000 00000000 00000000 00000000 00000000 00000000 00000000 00000000
01f0: 00000000 00000000 00000000 00000000 00000000 00000000 00000000 00000000
01f8: 00000000 00000000 00000000 00000000 00000000 00000000 00000000 00000000
0200: 00000000 00000000 00000000 00000000 00000000 00000000 00000000 00000000
0208: 00000000 00000000 00000000 00000000 00000000 00000000 00000000 00000000
0210: 00000000 00000000 00000000 00000000 00000000 00000000 00000000 00000000
0218: 00000000 00000000 00000000 00000000 00000000 00000000 00000000 00000000
0220: 00000000 00000000 00000000 00000000 00000000 00000000 00000000 00000000
0228: 00000000 00000000 00000000 00000000 00000000 00000000 00000000 00000000
0230: 00000000 00000000 00000000 00000000 00000000 00000000 00000000 00000000
0238: 00000000 00000000 00000000 00000000 00000000 00000000 00000000 00000000
0240: 00000000 00000000 00000000 00000000 00000000 00000000 00000000 00000000
0248: 00000000 00000000 00000000 00000000 00000000 00000000 00000000 00000000
0250: 00000000 00000000 00000000 00000000 00000000 00000000 00000000 00000000
0258: 00000000 00000000 00000000 00000000 00000000 00000000 00000000 00000000
0260: 00000000 00000000 00000000 00000000 00000000 00000000 00000000 00000000
0268: 00000000 00000000 00000000 00000000 00000000 00000000 00000000 00000000
0270: 00000000 00000000 00000000 00000000 00000000 00000000 00000000 00000000
0278: 00000000 00000000 00000000 00000000 00000000 00000000 00000000 00000000
0280: 00000000 00000000 00000000 00000000 00000000 00000000 00000000 00000000
0288: 00000000 00000000 00000000 00000000 00000000 00000000 00000000 00000000
0290: 00000000 00000000 00000000 00000000 00000000 00000000 00000000 00000000
0298: 00000000 00000000 00000000 00000000 00000000 00000000 00000000 00000000
02a0: 00000000 00000000 00000000 00000000 00000000 00000000 00000000 00000000
02a8: 00000000 00000000 00000000 00000000 00000000 00000000 00000000 00000000
02b0: 00000000 00000000 00000000 00000000 00000000 00000000 00000000 00000000
02b8: 00000000 00000000 00000000 00000000 00000000 00000000 00000000 00000000
02c0: 00000000 00000000 00000000 00000000 00000000 00000000 00000000 00000000
02c8: 00000000 00000000 00000000 00000000 00000000 00000000 00000000 00000000
02d0: 00000000 00000000 00000000 00000000 00000000 00000000 00000000 00000000
02d8: 00000000 00000000 00000000 00000000 00000000 00000000 00000000 00000000
02e0: 00000000 00000000 00000000 00000000 00000000 00000000 00000000 00000000
02e8: 00000000 00000000 00000000 00000000 00000000 00000000 00000000 00000000
02f0: 00000000 00000000 00000000 00000000 00000000 00000000 00000000 00000000
02f8: 00000000 00000000 00000000 00000000 00000000 00000000 00000000 00000000
0300: 00000000 00000000 00000000 00000000 00000000 00000000 00000000 00000000
0308: 00000000 00000000 00000000 00000000 00000000 00000000 00000000 00000000
0310: 00000000 00000000 00000000 00000000 00000000 00000000 00000000 00000000
0318: 00000000 00000000 00000000 00000000 00000000 00000000 00000000 00000000
0320: 00000000 00000000 00000000 00000000 00000000 00000000 00000000 00000000
0328: 00000000 00000000 00000000 00000000 00000000 00000000 00000000 00000000
0330: 00000000 00000000 00000000 00000000 00000000 00000000 00000000 00000000
0338: 00000000 00000000 00000000 00000000 00000000 00000000 00000000 00000000
0340: 00000000 00000000 00000000 00000000 00000000 00000000 00000000 00000000
0348: 00000000 00000000 00000000 00000000 00000000 00000000 00000000 00000000
0350: 00000000 00000000 00000000 00000000 00000000 00000000 00000000 00000000
0358: 00000000 00000000 00000000 00000000 00000000 00000000 00000000 00000000
0360: 00000000 00000000 00000000 00000000 00000000 00000000 00000000 00000000
0368: 00000000 00000000 00000000 00000000 00000000 00000000 00000000 00000000
0370: 00000000 00000000 00000000 00000000 00000000 00000000 00000000 00000000
0378: 00000000 00000000 00000000 00000000 00000000 00000000 00000000 00000000
0380: 00000000 00000000 00000000 00000000 00000000 00000000 00000000 00000000
0388: 00000000 00000000 00000000 00000000 00000000 00000000 00000000 00000000
0390: 00000000 00000000 00000000 00000000 00000000 00000000 00000000 00000000
0398: 00000000 00000000 00000000 00000000 00000000 00000000 00000000 00000000
03a0: 00000000 00000000 00000000 00000000 00000000 00000000 00000000 00000000
03a8: 00000000 00000000 00000000 00000000 00000000 00000000 00000000 00000000
03b0: 00000000 00000000 00000000 00000000 00000000 00000000 00000000 00000000
03b8: 00000000 00000000 00000000 00000000 00000000 00000000 00000000 00000000
03c0: 00000000 00000000 00000000 00000000 00000000 00000000 00000000 00000000
03c8: 00000000 00000000 00000000 00000000 00000000 00000000 00000000 00000000
03d0: 00000000 00000000 00000000 00000000 00000000 00000000 00000000 00000000
03d8: 00000000 00000000 00000000 00000000 00000000 00000000 00000000 00000000
03e0: 00000000 00000000 00000000 00000000 00000000 00000000 00000000 00000000
03e8: 00000000 00000000 00000000 00000000 00000000 00000000 00000000 00000000
03f0: 00000000 00000000 00000000 00000000 00000000 00000000 00000000 00000000
03f8: 00000000 00000000 00000000 00000000 00000000 00000000 00000000 00000000
0400: 00000000 00000000 00000000 00000000 00000000 00000000 00000000 00000000
0408: 00000000 00000000 00000000 00000000 00000000 00000000 00000000 00000000
0410: 00000000 00000000 00000000 00000000 00000000 00000000 00000000 00000000
0418: 00000000 00000000 00000000 00000000 00000000 00000000 00000000 00000000
0420: 00000000 00000000 00000000 00000000 00000000 00000000 00000000 00000000
0428: 00000000 00000000 00000000 00000000 00000000 00000000 00000000 00000000
0430: 00000000 00000000 00000000 00000000 00000000 00000000 00000000 00000000
0438: 00000000 00000000 00000000 00000000 00000000 00000000 00000000 00000000
0440: 00000000 00000000 00000000 00000000 00000000 00000000 00000000 00000000
0448: 00000000 00000000 00000000 00000000 00000000 00000000 00000000 00000000
0450: 00000000 00000000 00000000 00000000 00000000 00000000 00000000 00000000
0458: 00000000 00000000 00000000 00000000 00000000 00000000 00000000 00000000
0460: 00000000 00000000 00000000 00000000 00000000 00000000 00000000 00000000
0468: 00000000 00000000 00000000 00000000 00000000 00000000 00000000 00000000
0470: 00000000 00000000 00000000 00000000 00000000 00000000 00000000 00000000
0478: 00000000 00000000 00000000 00000000 00000000 00000000 00000000 00000000
0480: 00000000 00000000 00000000 00000000 00000000 00000000 00000000 00000000
0488: 00000000 00000000 00000000 00000000 00000000 00000000 00000000 00000000
0490: 00000000 00000000 00000000 00000000 00000000 00000000 00000000 00000000
0498: 00000000 00000000 00000000 00000000 00000000 00000000 00000000 00000000
04a0: 00000000 00000000 00000000 00000000 00000000 00000000 00000000 00000000
04a8: 00000000 00000000 00000000 00000000 00000000 00000000 00000000 00000000
04b0: 00000000 00000000 00000000 00000000 00000000 00000000 00000000 00000000
04b8: 00000000 00000000 00000000 00000000 00000000 00000000 00000000 00000000
04c0: 00000000 00000000 00000000 00000000 00000000 00000000 00000000 00000000
04c8: 00000000 00000000 00000000 00000000 00000000 00000000 00000000 00000000
04d0: 00000000 00000000 00000000 00000000 00000000 00000000 00000000 00000000
04d8: 00000000 00000000 00000000 00000000 00000000 00000000 00000000 00000000
04e0: 00000000 00000000 00000000 00000000 00000000 00000000 00000000 00000000
04e8: 00000000 00000000 00000000 00000000 00000000 00000000 00000000 00000000
04f0: 00000000 00000000 00000000 00000000 00000000 00000000 00000000 00000000
04f8: 00000000 00000000 00000000 00000000 00000000 00000000 00000000 00000000
0500: 00000000 00000000 00000000 00000000 00000000 00000000 00000000 00000000
0508: 00000000 00000000 00000000 00000000 00000000 00000000 00000000 00000000
0510: 00000000 00000000 00000000 00000000 00000000 00000000 00000000 00000000
0518: 00000000 00000000 00000000 00000000 00000000 00000000 00000000 00000000
0520: 00000000 00000000 00000000 00000000 00000000 00000000 00000000 00000000
0528: 00000000 00000000 00000000 00000000 00000000 00000000 00000000 00000000
0530: 00000000 00000000 00000000 00000000 00000000 00000000 00000000 00000000
0538: 00000000 00000000 00000000 00000000 00000000 00000000 00000000 00000000
0540: 00000000 00000000 00000000 00000000 00000000 00000000 00000000 00000000
0548: 00000000 00000000 00000000 00000000 00000000 00000000 00000000 00000000
0550: 00000000 00000000 00000000 00000000 00000000 00000000 00000000 00000000
0558: 00000000 00000000 00000000 00000000 00000000 00000000 00000000 00000000
0560: 00000000 00000000 00000000 00000000 00000000 00000000 00000000 00000000
0568: 00000000 00000000 00000000 00000000 00000000 00000000 00000000 00000000
0570: 00000000 00000000 00000000 00000000 00000000 00000000 00000000 00000000
0578: 00000000 00000000 00000000 00000000 00000000 00000000 00000000 00000000
0580: 00000000 00000000 00000000 00000000 00000000 00000000 00000000 00000000
0588: 00000000 00000000 00000000 00000000 00000000 00000000 00000000 00000000
0590: 00000000 00000000 00000000 00000000 00000000 00000000 00000000 00000000
0598: 00000000 00000000 00000000 00000000 00000000 00000000 00000000 00000000
05a0: 00000000 00000000 00000000 00000000 00000000 00000000 00000000 00000000
05a8: 00000000 00000000 00000000 00000000 00000000 00000000 00000000 00000000
05b0: 00000000 00000000 00000000 00000000 00000000 00000000 00000000 00000000
05b8: 00000000 00000000 00000000 00000000 00000000 00000000 00000000 00000000
05c0: 00000000 00000000 00000000 00000000 00000000 00000000 00000000 00000000
05c8: 00000000 00000000 00000000 00000000 00000000 00000000 00000000 00000000
05d0: 00000000 00000000 00000000 00000000 00000000 00000000 00000000 00000000
05d8: 00000000 00000000 00000000 00000000 00000000 00000000 00000000 00000000
05e0: 00000000 00000000 00000000 00000000 00000000 00000000 00000000 00000000
05e8: 00000000 00000000 00000000 00000000 00000000 00000000 00000000 00000000
05f0: 00000000 00000000 00000000 00000000 00000000 00000000 00000000 00000000
05f8: 00000000 00000000 00000000 00000000 00000000 00000000 00000000 00000000
0600: 00000000 00000000 00000000 00000000 00000000 00000000 00000000 00000000
0608: 00000000 00000000 00000000 00000000 00000000 00000000 00000000 00000000
0610: 00000000 00000000 00000000 00000000 00000000 00000000 00000000 00000000
0618: 00000000 00000000 00000000 00000000 00000000 00000000 00000000 00000000
0620: 00000000 00000000 00000000 00000000 00000000 00000000 00000000 00000000
0628: 00000000 00000000 00000000 00000000 00000000 00000000 00000000 00000000
0630: 00000000 00000000 00000000 00000000 00000000 00000000 00000000 00000000
0638: 00000000 00000000 00000000 00000000 00000000 00000000 00000000 00000000
0640: 00000000 00000000 00000000 00000000 00000000 00000000 00000000 00000000
0648: 00000000 00000000 00000000 00000000 00000000 00000000 00000000 00000000
0650: 00000000 00000000 00000000 00000000 00000000 00000000 00000000 00000000
0658: 00000000 00000000 00000000 00000000 00000000 00000000 00000000 00000000
0660: 00000000 00000000 00000000 00000000 00000000 00000000 00000000 00000000
0668: 00000000 00000000 00000000 00000000 00000000 00000000 00000000 00000000
0670: 00000000 00000000 00000000 00000000 00000000 00000000 00000000 00000000
0678: 00000000 00000000 00000000 00000000 00000000 00000000 00000000 00000000
0680: 00000000 00000000 00000000 00000000 00000000 00000000 00000000 00000000
0688: 00000000 00000000 00000000 00000000 00000000 00000000 00000000 00000000
0690: 00000000 00000000 00000000 00000000 00000000 00000000 00000000 00000000
0698: 00000000 00000000 00000000 00000000 00000000 00000000 00000000 00000000
06a0: 00000000 00000000 00000000 00000000 00000000 00000000 00000000 00000000
06a8: 00000000 00000000 00000000 00000000 00000000 00000000 00000000 00000000
06b0: 00000000 00000000 00000000 00000000 00000000 00000000 00000000 00000000
06b8: 00000000 00000000 00000000 00000000 00000000 00000000 00000000 00000000
06c0: 00000000 00000000 00000000 00000000 00000000 00000000 00000000 00000000
06c8: 00000000 00000000 00000000 00000000 00000000 00000000 00000000 00000000
06d0: 00000000 00000000 00000000 00000000 00000000 00000000 00000000 00000000
06d8: 00000000 00000000 00000000 00000000 00000000 00000000 00000000 00000000
06e0: 00000000 00000000 00000000 00000000 00000000 00000000 00000000 00000000
06e8: 00000000 00000000 00000000 00000000 00000000 00000000 00000000 00000000
06f0: 00000000 00000000 00000000 00000000 00000000 00000000 00000000 00000000
06f8: 00000000 00000000 00000000 00000000 00000000 00000000 00000000 00000000
0700: 00000000 00000000 00000000 00000000 00000000 00000000 00000000 00000000
0708: 00000000 00000000 00000000 00000000 00000000 00000000 00000000 00000000
0710: 00000000 00000000 00000000 00000000 00000000 00000000 00000000 00000000
0718: 00000000 00000000 00000000 00000000 00000000 00000000 00000000 00000000
0720: 00000000 00000000 00000000 00000000 00000000 00000000 00000000 00000000
0728: 00000000 00000000 00000000 00000000 00000000 00000000 00000000 00000000
0730: 00000000 00000000 00000000 00000000 00000000 00000000 00000000 00000000
0738: 00000000 00000000 00000000 00000000 00000000 00000000 00000000 00000000
0740: 00000000 00000000 00000000 00000000 00000000 00000000 00000000 00000000
0748: 00000000 00000000 00000000 00000000 00000000 00000000 00000000 00000000
0750: 00000000 00000000 00000000 00000000 00000000 00000000 00000000 00000000
0758: 00000000 00000000 00000000 00000000 00000000 00000000 00000000 00000000
0760: 00000000 00000000 00000000 00000000 00000000 00000000 00000000 00000000
0768: 00000000 00000000 00000000 00000000 00000000 00000000 00000000 00000000
0770: 00000000 00000000 00000000 00000000 00000000 00000000 00000000 00000000
0778: 00000000 00000000 00000000 00000000 00000000 00000000 00000000 00000000
0780: 00000000 00000000 00000000 00000000 00000000 00000000 00000000 00000000
0788: 00000000 00000000 00000000 00000000 00000000 00000000 00000000 00000000
0790: 00000000 00000000 00000000 00000000 00000000 00000000 00000000 00000000
0798: 00000000 00000000 00000000 00000000 00000000 00000000 00000000 00000000
07a0: 00000000 00000000 00000000 00000000 00000000 00000000 00000000 00000000
07a8: 00000000 00000000 00000000 00000000 00000000 00000000 00000000 00000000
07b0: 00000000 00000000 00000000 00000000 00000000 00000000 00000000 00000000
07b8: 00000000 00000000 00000000 00000000 00000000 00000000 00000000 00000000
07c0: 00000000 00000000 00000000 00000000 00000000 00000000 00000000 00000000
07c8: 00000000 00000000 00000000 00000000 00000000 00000000 00000000 00000000
07d0: 00000000 00000000 00000000 00000000 00000000 00000000 00000000 00000000
07d8: 00000000 00000000 00000000 00000000 00000000 00000000 00000000 00000000
07e0: 00000000 00000000 00000000 00000000 00000000 00000000 00000000 00000000
07e8: 00000000 00000000 00000000 00000000 00000000 00000000 00000000 00000000
07f0: 00000000 00000000 00000000 00000000 00000000 00000000 00000000 00000000
07f8: 00000000 00000000 00000000 00000000 00000000 00000000 00000000 00000000
0800: 00000000 00000000 00000000 00000000 00000000 00000000 00000000 00000000
0808: 00000000 00000000 00000000 00000000 00000000 00000000 00000000 00000000
0810: 00000000 00000000 00000000 00000000 00000000 00000000 00000000 00000000
0818: 00000000 00000000 00000000 00000000 00000000 00000000 00000000 00000000
0820: 00000000 00000000 00000000 00000000 00000000 00000000 00000000 00000000
0828: 00000000 00000000 00000000 00000000 00000000 00000000 00000000 00000000
0830: 00000000 00000000 00000000 00000000 00000000 00000000 00000000 00000000
0838: 00000000 00000000 00000000 00000000 00000000 00000000 00000000 00000000
0840: 00000000 00000000 00000000 00000000 00000000 00000000 00000000 00000000
0848: 00000000 00000000 00000000 00000000 00000000 00000000 00000000 00000000
0850: 00000000 00000000 00000000 00000000 00000000 00000000 00000000 00000000
0858: 00000000 00000000 00000000 00000000 00000000 00000000 00000000 00000000
0860: 00000000 00000000 00000000 00000000 00000000 00000000 00000000 00000000
0868: 00000000 00000000 00000000 00000000 00000000 00000000 00000000 00000000
0870: 00000000 00000000 00000000 00000000 00000000 00000000 00000000 00000000
0878: 00000000 00000000 00000000 00000000 00000000 00000000 00000000 00000000
0880: 00000000 00000000 00000000 00000000 00000000 00000000 00000000 00000000
0888: 00000000 00000000 00000000 00000000 00000000 00000000 00000000 00000000
0890: 00000000 00000000 00000000 00000000 00000000 00000000 00000000 00000000
0898: 00000000 00000000 00000000 00000000 00000000 00000000 00000000 00000000
08a0: 00000000 00000000 00000000 00000000 00000000 00000000 00000000 00000000
08a8: 00000000 00000000 00000000 00000000 00000000 00000000 00000000 00000000
08b0: 00000000 00000000 00000000 00000000 00000000 00000000 00000000 00000000
08b8: 00000000 00000000 00000000 00000000 00000000 00000000 00000000 00000000
08c0: 00000000 00000000 00000000 00000000 00000000 00000000 00000000 00000000
08c8: 00000000 00000000 00000000 00000000 00000000 00000000 00000000 00000000
08d0: 00000000 00000000 00000000 00000000 00000000 00000000 00000000 00000000
08d8: 00000000 00000000 00000000 00000000 00000000 00000000 00000000 00000000
08e0: 00000000 00000000 00000000 00000000 00000000 00000000 00000000 00000000
08e8: 00000000 00000000 00000000 00000000 00000000 00000000 00000000 00000000
08f0: 00000000 00000000 00000000 00000000 00000000 00000000 00000000 00000000
08f8: 00000000 00000000 00000000 00000000 00000000 00000000 00000000 00000000
0900: 00000000 00000000 00000000 00000000 00000000 00000000 00000000 00000000
0908: 00000000 00000000 00000000 00000000 00000000 00000000 00000000 00000000
0910: 00000000 00000000 00000000 00000000 00000000 00000000 00000000 00000000
0918: 00000000 00000000 00000000 00000000 00000000 00000000 00000000 00000000
0920: 00000000 00000000 00000000 00000000 00000000 00000000 00000000 00000000
0928: 00000000 00000000 00000000 00000000 00000000 00000000 00000000 00000000
0930: 00000000 00000000 00000000 00000000 00000000 00000000 00000000 00000000
0938: 00000000 00000000 00000000 00000000 00000000 00000000 00000000 00000000
0940: 00000000 00000000 00000000 00000000 00000000 00000000 00000000 00000000
0948: 00000000 00000000 00000000 00000000 00000000 00000000 00000000 00000000
0950: 00000000 00000000 00000000 00000000 00000000 00000000 00000000 00000000
0958: 00000000 00000000 00000000 00000000 00000000 00000000 00000000 00000000
0960: 00000000 00000000 00000000 00000000 00000000 00000000 00000000 00000000
0968: 00000000 00000000 00000000 00000000 00000000 00000000 00000000 00000000
0970: 00000000 00000000 00000000 00000000 00000000 00000000 00000000 00000000
0978: 00000000 00000000 00000000 00000000 00000000 00000000 00000000 00000000
0980: 00000000 00000000 00000000 00000000 00000000 00000000 00000000 00000000
0988: 00000000 00000000 00000000 00000000 00000000 00000000 00000000 00000000
0990: 00000000 00000000 00000000 00000000 00000000 00000000 00000000 00000000
0998: 00000000 00000000 00000000 00000000 00000000 00000000 00000000 00000000
09a0: 00000000 00000000 00000000 00000000 00000000 00000000 00000000 00000000
09a8: 00000000 00000000 00000000 00000000 00000000 00000000 00000000 00000000
09b0: 00000000 00000000 00000000 00000000 00000000 00000000 00000000 00000000
09b8: 00000000 00000000 00000000 00000000 00000000 00000000 00000000 00000000
09c0: 00000000 00000000 00000000 00000000 00000000 00000000 00000000 00000000
09c8: 00000000 00000000 00000000 00000000 00000000 00000000 00000000 00000000
09d0: 00000000 00000000 00000000 00000000 00000000 00000000 00000000 00000000
09d8: 00000000 00000000 00000000 00000000 00000000 00000000 00000000 00000000
09e0: 00000000 00000000 00000000 00000000 00000000 00000000 00000000 00000000
09e8: 00000000 00000000 00000000 00000000 00000000 00000000 00000000 00000000
09f0: 00000000 00000000 00000000 00000000 00000000 00000000 00000000 00000000
09f8: 00000000 00000000 00000000 00000000 00000000 00000000 00000000 00000000
0a00: 00000000 00000000 00000000 00000000 00000000 00000000 00000000 00000000
0a08: 00000000 00000000 00000000 00000000 00000000 00000000 00000000 00000000
0a10: 00000000 00000000 00000000 00000000 00000000 00000000 00000000 00000000
0a18: 00000000 00000000 00000000 00000000 00000000 00000000 00000000 00000000
0a20: 00000000 00000000 00000000 00000000 00000000 00000000 00000000 00000000
0a28: 00000000 00000000 00000000 00000000 00000000 00000000 00000000 00000000
0a30: 00000000 00000000 00000000 00000000 00000000 00000000 00000000 00000000
0a38: 00000000 00000000 00000000 00000000 00000000 00000000 00000000 00000000
0a40: 00000000 00000000 00000000 00000000 00000000 00000000 00000000 00000000
0a48: 00000000 00000000 00000000 00000000 00000000 00000000 00000000 00000000
0a50: 00000000 00000000 00000000 00000000 00000000 00000000 00000000 00000000
0a58: 00000000 00000000 00000000 00000000 00000000 00000000 00000000 00000000
0a60: 00000000 00000000 00000000 00000000 00000000 00000000 00000000 00000000
0a68: 00000000 00000000 00000000 00000000 00000000 00000000 00000000 00000000
0a70: 00000000 00000000 00000000 00000000 00000000 00000000 00000000 00000000
0a78: 00000000 00000000 00000000 00000000 00000000 00000000 00000000 00000000
0a80: 00000000 00000000 00000000 00000000 00000000 00000000 00000000 00000000
0a88: 00000000 00000000 00000000 00000000 00000000 00000000 00000000 00000000
0a90: 00000000 00000000 00000000 00000000 00000000 00000000 00000000 00000000
0a98: 00000000 00000000 00000000 00000000 00000000 00000000 00000000 00000000
0aa0: 00000000 00000000 00000000 00000000 00000000 00000000 00000000 00000000
0aa8: 00000000 00000000 00000000 00000000 00000000 00000000 00000000 00000000
0ab0: 00000000 00000000 00000000 00000000 00000000 00000000 00000000 00000000
0ab8: 00000000 00000000 00000000 00000000 00000000 00000000 00000000 00000000
0ac0: 00000000 00000000 00000000 00000000 00000000 00000000 00000000 00000000
0ac8: 00000000 00000000 00000000 00000000 00000000 00000000 00000000 00000000
0ad0: 00000000 00000000 00000000 00000000 00000000 00000000 00000000 00000000
0ad8: 00000000 00000000 00000000 00000000 00000000 00000000 00000000 00000000
0ae0: 00000000 00000000 00000000 00000000 00000000 00000000 00000000 00000000
0ae8: 00000000 00000000 00000000 00000000 00000000 00000000 00000000 00000000
0af0: 00000000 00000000 00000000 00000000 00000000 00000000 00000000 00000000
0af8: 00000000 00000000 00000000 00000000 00000000 00000000 00000000 00000000
0b00: 00000000 00000000 00000000 00000000 00000000 00000000 00000000 00000000
0b08: 00000000 00000000 00000000 00000000 00000000 00000000 00000000 00000000
0b10: 00000000 00000000 00000000 00000000 00000000 00000000 00000000 00000000
0b18: 00000000 00000000 00000000 00000000 00000000 00000000 00000000 00000000
0b20: 00000000 00000000 00000000 00000000 00000000 00000000 00000000 00000000
0b28: 00000000 00000000 00000000 00000000 00000000 00000000 00000000 00000000
0b30: 00000000 00000000 00000000 00000000 00000000 00000000 00000000 00000000
0b38: 00000000 00000000 00000000 00000000 00000000 00000000 00000000 00000000
0b40: 00000000 00000000 00000000 00000000 00000000 00000000 00000000 00000000
0b48: 00000000 00000000 00000000 00000000 00000000 00000000 00000000 00000000
0b50: 00000000 00000000 00000000 00000000 00000000 00000000 00000000 00000000
0b58: 00000000 00000000 00000000 00000000 00000000 00000000 00000000 00000000
0b60: 00000000 00000000 00000000 00000000 00000000 00000000 00000000 00000000
0b68: 00000000 00000000 00000000 00000000 00000000 00000000 00000000 00000000
0b70: 00000000 00000000 00000000 00000000 00000000 00000000 00000000 00000000
0b78: 00000000 00000000 00000000 00000000 00000000 00000000 00000000 00000000
0b80: 00000000 00000000 00000000 00000000 00000000 00000000 00000000 00000000
0b88: 00000000 00000000 00000000 00000000 00000000 00000000 00000000 00000000
0b90: 00000000 00000000 00000000 00000000 00000000 00000000 00000000 00000000
0b98: 00000000 00000000 00000000 00000000 00000000 00000000 00000000 00000000
0ba0: 00000000 00000000 00000000 00000000 00000000 00000000 00000000 00000000
0ba8: 00000000 00000000 00000000 00000000 00000000 00000000 00000000 00000000
0bb0: 00000000 00000000 00000000 00000000 00000000 00000000 00000000 00000000
0bb8: 00000000 00000000 00000000 00000000 00000000 00000000 00000000 00000000
0bc0: 00000000 00000000 00000000 00000000 00000000 00000000 00000000 00000000
0bc8: 00000000 00000000 00000000 00000000 00000000 00000000 00000000 00000000
0bd0: 00000000 00000000 00000000 00000000 00000000 00000000 00000000 00000000
0bd8: 00000000 00000000 00000000 00000000 00000000 00000000 00000000 00000000
0be0: 00000000 00000000 00000000 00000000 00000000 00000000 00000000 00000000
0be8: 00000000 00000000 00000000 00000000 00000000 00000000 00000000 00000000
0bf0: 00000000 00000000 00000000 00000000 00000000 00000000 00000000 00000000
0bf8: 00000000 00000000 00000000 00000000 00000000 00000000 00000000 00000000
0c00: 00000000 00000000 00000000 00000000 00000000 00000000 00000000 00000000
0c08: 00000000 00000000 00000000 00000000 00000000 00000000 00000000 00000000
0c10: 00000000 00000000 00000000 00000000 00000000 00000000 00000000 00000000
0c18: 00000000 00000000 00000000 00000000 00000000 00000000 00000000 00000000
0c20: 00000000 00000000 00000000 00000000 00000000 00000000 00000000 00000000
0c28: 00000000 00000000 00000000 00000000 00000000 00000000 00000000 00000000
0c30: 00000000 00000000 00000000 00000000 00000000 00000000 00000000 00000000
0c38: 00000000 00000000 00000000 00000000 00000000 00000000 00000000 00000000
0c40: 00000000 00000000 00000000 00000000 00000000 00000000 00000000 00000000
0c48: 00000000 00000000 00000000 00000000 00000000 00000000 00000000 00000000
0c50: 00000000 00000000 00000000 00000000 00000000 00000000 00000000 00000000
0c58: 00000000 00000000 00000000 00000000 00000000 00000000 00000000 00000000
0c60: 00000000 00000000 00000000 00000000 00000000 00000000 00000000 00000000
0c68: 00000000 00000000 00000000 00000000 00000000 00000000 00000000 00000000
0c70: 00000000 00000000 00000000 00000000 00000000 00000000 00000000 00000000
0c78: 00000000 00000000 00000000 00000000 00000000 00000000 00000000 00000000
0c80: 00000000 00000000 00000000 00000000 00000000 00000000 00000000 00000000
0c88: 00000000 00000000 00000000 00000000 00000000 00000000 00000000 00000000
0c90: 00000000 00000000 00000000 00000000 00000000 00000000 00000000 00000000
0c98: 00000000 00000000 00000000 00000000 00000000 00000000 00000000 00000000
0ca0: 00000000 00000000 00000000 00000000 00000000 00000000 00000000 00000000
0ca8: 00000000 00000000 00000000 00000000 00000000 00000000 00000000 00000000
0cb0: 00000000 00000000 00000000 00000000 00000000 00000000 00000000 00000000
0cb8: 00000000 00000000 00000000 00000000 00000000 00000000 00000000 00000000
0cc0: 00000000 00000000 00000000 00000000 00000000 00000000 00000000 00000000
0cc8: 00000000 00000000 00000000 00000000 00000000 00000000 00000000 00000000
0cd0: 00000000 00000000 00000000 00000000 00000000 00000000 00000000 00000000
0cd8: 00000000 00000000 00000000 00000000 00000000 00000000 00000000 00000000
0ce0: 00000000 00000000 00000000 00000000 00000000 00000000 00000000 00000000
0ce8: 00000000 00000000 00000000 00000000 00000000 00000000 00000000 00000000
0cf0: 00000000 00000000 00000000 00000000 00000000 00000000 00000000 00000000
0cf8: 00000000 00000000 00000000 00000000 00000000 00000000 00000000 00000000
0d00: 00000000 00000000 00000000 00000000 00000000 00000000 00000000 00000000
0d08: 00000000 00000000 00000000 00000000 00000000 00000000 00000000 00000000
0d10: 00000000 00000000 00000000 00000000 00000000 00000000 00000000 00000000
0d18: 00000000 00000000 00000000 00000000 00000000 00000000 00000000 00000000
0d20: 00000000 00000000 00000000 00000000 00000000 00000000 00000000 00000000
0d28: 00000000 00000000 00000000 00000000 00000000 00000000 00000000 00000000
0d30: 00000000 00000000 00000000 00000000 00000000 00000000 00000000 00000000
0d38: 00000000 00000000 00000000 00000000 00000000 00000000 00000000 00000000
0d40: 00000000 00000000 00000000 00000000 00000000 00000000 00000000 00000000
0d48: 00000000 00000000 00000000 00000000 00000000 00000000 00000000 00000000
0d50: 00000000 00000000 00000000 00000000 00000000 00000000 00000000 00000000
0d58: 00000000 00000000 00000000 00000000 00000000 00000000 00000000 00000000
0d60: 00000000 00000000 00000000 00000000 00000000 00000000 00000000 00000000
0d68: 00000000 00000000 00000000 00000000 00000000 00000000 00000000 00000000
0d70: 00000000 00000000 00000000 00000000 00000000 00000000 00000000 00000000
0d78: 00000000 00000000 00000000 00000000 00000000 00000000 00000000 00000000
0d80: 00000000 00000000 00000000 00000000 00000000 00000000 00000000 00000000
0d88: 00000000 00000000 00000000 00000000 00000000 00000000 00000000 00000000
0d90: 00000000 00000000 00000000 00000000 00000000 00000000 00000000 00000000
0d98: 00000000 00000000 00000000 00000000 00000000 00000000 00000000 00000000
0da0: 00000000 00000000 00000000 00000000 00000000 00000000 00000000 00000000
0da8: 00000000 00000000 00000000 00000000 00000000 00000000 00000000 00000000
0db0: 00000000 00000000 00000000 00000000 00000000 00000000 00000000 00000000
0db8: 00000000 00000000 00000000 00000000 00000000 00000000 00000000 00000000
0dc0: 00000000 00000000 00000000 00000000 00000000 00000000 00000000 00000000
0dc8: 00000000 00000000 00000000 00000000 00000000 00000000 00000000 00000000
0dd0: 00000000 00000000 00000000 00000000 00000000 00000000 00000000 00000000
0dd8: 00000000 00000000 00000000 00000000 00000000 00000000 00000000 00000000
0de0: 00000000 00000000 00000000 00000000 00000000 00000000 00000000 00000000
0de8: 00000000 00000000 00000000 00000000 00000000 00000000 00000000 00000000
0df0: 00000000 00000000 00000000 00000000 00000000 00000000 00000000 00000000
0df8: 00000000 00000000 00000000 00000000 00000000 00000000 00000000 00000000
0e00: 00000000 00000000 00000000 00000000 00000000 00000000 00000000 00000000
0e08: 00000000 00000000 00000000 00000000 00000000 00000000 00000000 00000000
0e10: 00000000 00000000 00000000 00000000 00000000 00000000 00000000 00000000
0e18: 00000000 00000000 00000000 00000000 00000000 00000000 00000000 00000000
0e20: 00000000 00000000 00000000 00000000 00000000 00000000 00000000 00000000
0e28: 00000000 00000000 00000000 00000000 00000000 00000000 00000000 00000000
0e30: 00000000 00000000 00000000 00000000 00000000 00000000 00000000 00000000
0e38: 00000000 00000000 00000000 00000000 00000000 00000000 00000000 00000000
0e40: 00000000 00000000 00000000 00000000 00000000 00000000 00000000 00000000
0e48: 00000000 00000000 00000000 00000000 00000000 00000000 00000000 00000000
0e50: 00000000 00000000 00000000 00000000 00000000 00000000 00000000 00000000
0e58: 00000000 00000000 00000000 00000000 00000000 00000000 00000000 00000000
0e60: 00000000 00000000 00000000 00000000 00000000 00000000 00000000 00000000
0e68: 00000000 00000000 00000000 00000000 00000000 00000000 00000000 00000000
0e70: 00000000 00000000 00000000 00000000 00000000 00000000 00000000 00000000
0e78: 00000000 00000000 00000000 00000000 00000000 00000000 00000000 00000000
0e80: 00000000 00000000 00000000 00000000 00000000 00000000 00000000 00000000
0e88: 00000000 00000000 00000000 00000000 00000000 00000000 00000000 00000000
0e90: 00000000 00000000 00000000 00000000 00000000 00000000 00000000 00000000
0e98: 00000000 00000000 00000000 00000000 00000000 00000000 00000000 00000000
0ea0: 00000000 00000000 00000000 00000000 00000000 00000000 00000000 00000000
0ea8: 00000000 00000000 00000000 00000000 00000000 00000000 00000000 00000000
0eb0: 00000000 00000000 00000000 00000000 00000000 00000000 00000000 00000000
0eb8: 00000000 00000000 00000000 00000000 00000000 00000000 00000000 00000000
0ec0: 00000000 00000000 00000000 00000000 00000000 00000000 00000000 00000000
0ec8: 00000000 00000000 00000000 00000000 00000000 00000000 00000000 00000000
0ed0: 00000000 00000000 00000000 00000000 00000000 00000000 00000000 00000000
0ed8: 00000000 00000000 00000000 00000000 00000000 00000000 00000000 00000000
0ee0: 00000000 00000000 00000000 00000000 00000000 00000000 00000000 00000000
0ee8: 00000000 00000000 00000000 00000000 00000000 00000000 00000000 00000000
0ef0: 00000000 00000000 00000000 00000000 00000000 00000000 00000000 00000000
0ef8: 00000000 00000000 00000000 00000000 00000000 00000000 00000000 00000000
0f00: 00000000 00000000 00000000 00000000 00000000 00000000 00000000 00000000
0f08: 00000000 00000000 00000000 00000000 00000000 00000000 00000000 00000000
0f10: 00000000 00000000 00000000 00000000 00000000 00000000 00000000 00000000
0f18: 00000000 00000000 00000000 00000000 00000000 00000000 00000000 00000000
0f20: 00000000 00000000 00000000 00000000 00000000 00000000 00000000 00000000
0f28: 00000000 00000000 00000000 00000000 00000000 00000000 00000000 00000000
0f30: 00000000 00000000 00000000 00000000 00000000 00000000 00000000 00000000
0f38: 00000000 00000000 00000000 00000000 00000000 00000000 00000000 00000000
0f40: 00000000 00000000 00000000 00000000 00000000 00000000 00000000 00000000
0f48: 00000000 00000000 00000000 00000000 00000000 00000000 00000000 00000000
0f50: 00000000 00000000 00000000 00000000 00000000 00000000 00000000 00000000
0f58: 00000000 00000000 00000000 00000000 00000000 00000000 00000000 00000000
0f60: 00000000 00000000 00000000 00000000 00000000 00000000 00000000 00000000
0f68: 00000000 00000000 00000000 00000000 00000000 00000000 00000000 00000000
0f70: 00000000 00000000 00000000 00000000 00000000 00000000 00000000 00000000
0f78: 00000000 00000000 00000000 00000000 00000000 00000000 00000000 00000000
0f80: 00000000 00000000 00000000 00000000 00000000 00000000 00000000 00000000
0f88: 00000000 00000000 00000000 00000000 00000000 00000000 00000000 00000000
0f90: 00000000 00000000 00000000 00000000 00000000 00000000 00000000 00000000
0f98: 00000000 00000000 00000000 00000000 00000000 00000000 00000000 00000000
0fa0: 00000000 00000000 00000000 00000000 00000000 00000000 00000000 00000000
0fa8: 00000000 00000000 00000000 00000000 00000000 00000000 00000000 00000000
0fb0: 00000000 00000000 00000000 00000000 00000000 00000000 00000000 00000000
0fb8: 00000000 00000000 00000000 00000000 00000000 00000000 00000000 00000000
0fc0: 00000000 00000000 00000000 00000000 00000000 00000000 00000000 00000000
0fc8: 00000000 00000000 00000000 00000000 00000000 00000000 00000000 00000000
0fd0: 00000000 00000000 00000000 00000000 00000000 00000000 00000000 00000000
0fd8: 00000000 00000000 00000000 00000000 00000000 00000000 00000000 00000000
0fe0: 00000000 00000000 00000000 00000000 00000000 00000000 00000000 00000000
0fe8: 00000000 00000000 00000000 00000000 00000000 00000000 00000000 00000000
0ff0: 00000000 00000000 00000000 00000000 00000000 00000000 00000000 00000000
0ff8: 00000000 00000000 00000000 00000000 00000000 00000000 00000000 00000000
